0 1
0 2
0 3
0 4
0 5
0 6
0 7
0 8
0 1
0 2
0 3
0 4
0 2
0 3
0 2
0 3
0 2
0 3
0 2
0 3
0 2
0 3
0 2
0 3
0 2
0 3
0 2
0 3
0 2
0 3
0 2
0 3
0 2
0 3
0 2
0 3
0 2
0 3
0 2
0 3
0 1
0 2
0 3
0 4
0 1
0 2
0 3
0 4
0 1
0 2
0 3
0 4
0 1
0 2
0 3
0 4
0 1
0 2
0 3
0 4
0 1
0 2
0 3
0 4
0 1
0 2
0 3
0 4
0 1
0 2
0 3
0 4
0 1
0 2
0 3
0 4
0 1
0 2
0 3
0 4
0 1
0 2
0 3
0 4
0 1
0 2
0 3
0 4
0 1
0 2
0 3
0 4
0 1
0 2
0 3
0 4
0 2
0 3
0 2
0 3
0 20
0 2
0 3
0 2
0 3
0 2
0 3
0 2
0 3
0 2
0 3
1 4
1 4
1 4
1 0
1 2
1 3
1 4
1 5
1 6
1 7
1 8
1 0
1 2
1 3
1 4
1 0
1 2
1 3
1 4
1 0
1 2
1 3
1 4
1 0
1 2
1 3
1 4
1 0
1 2
1 3
1 4
1 0
1 2
1 3
1 4
1 0
1 2
1 3
1 4
1 0
1 2
1 3
1 4
1 0
1 2
1 3
1 4
1 0
1 2
1 3
1 4
1 0
1 2
1 3
1 4
1 0
1 2
1 3
1 4
1 0
1 2
1 3
1 4
1 0
1 2
1 3
1 4
1 0
1 2
1 3
1 4
2 9
2 10
2 11
2 22
2 23
2 24
2 44
2 47
2 0
2 1
2 3
2 4
2 5
2 6
2 7
2 8
2 0
2 1
2 3
2 4
2 0
2 3
2 0
2 3
2 0
2 3
2 0
2 3
2 0
2 3
2 0
2 3
2 0
2 3
2 0
2 3
2 0
2 3
2 0
2 3
2 0
2 3
2 0
2 3
2 0
2 3
2 0
2 3
2 0
2 1
2 3
2 4
2 0
2 1
2 3
2 4
2 0
2 1
2 3
2 4
2 0
2 1
2 3
2 4
2 0
2 1
2 3
2 4
2 0
2 1
2 3
2 4
2 0
2 1
2 3
2 4
2 0
2 1
2 3
2 4
2 0
2 1
2 3
2 4
2 0
2 1
2 3
2 4
2 0
2 1
2 3
2 4
2 0
2 1
2 3
2 4
2 0
2 1
2 3
2 4
2 0
2 1
2 3
2 4
2 0
2 3
2 0
2 3
2 20
2 0
2 3
2 0
2 3
2 0
2 3
2 0
2 3
2 0
2 3
3 0
3 1
3 2
3 4
3 5
3 6
3 7
3 8
3 0
3 1
3 2
3 4
3 0
3 2
3 0
3 2
3 0
3 2
3 0
3 2
3 0
3 2
3 0
3 2
3 0
3 2
3 0
3 2
3 0
3 2
3 0
3 2
3 0
3 2
3 0
3 2
3 0
3 2
3 0
3 2
3 0
3 1
3 2
3 4
3 0
3 1
3 2
3 4
3 0
3 1
3 2
3 4
3 0
3 1
3 2
3 4
3 0
3 1
3 2
3 4
3 0
3 1
3 2
3 4
3 0
3 1
3 2
3 4
3 0
3 1
3 2
3 4
3 0
3 1
3 2
3 4
3 0
3 1
3 2
3 4
3 0
3 1
3 2
3 4
3 0
3 1
3 2
3 4
3 0
3 1
3 2
3 4
3 0
3 1
3 2
3 4
3 0
3 2
3 0
3 2
3 20
3 0
3 2
3 0
3 2
3 0
3 2
3 0
3 2
3 0
3 2
4 1
4 1
4 1
4 0
4 1
4 2
4 3
4 5
4 6
4 7
4 8
4 0
4 1
4 2
4 3
4 0
4 1
4 2
4 3
4 0
4 1
4 2
4 3
4 0
4 1
4 2
4 3
4 0
4 1
4 2
4 3
4 0
4 1
4 2
4 3
4 0
4 1
4 2
4 3
4 0
4 1
4 2
4 3
4 0
4 1
4 2
4 3
4 0
4 1
4 2
4 3
4 0
4 1
4 2
4 3
4 0
4 1
4 2
4 3
4 0
4 1
4 2
4 3
4 0
4 1
4 2
4 3
4 0
4 1
4 2
4 3
5 6
5 7
5 8
5 0
5 1
5 2
5 3
5 4
5 6
5 7
5 8
5 6
5 8
5 11
5 12
5 13
5 36
5 6
5 7
5 8
5 6
5 7
5 8
5 6
5 8
5 6
5 8
5 6
5 8
5 6
5 8
5 6
5 8
5 6
5 8
5 6
5 8
5 6
5 8
5 6
5 8
5 6
5 8
6 5
6 7
6 8
6 0
6 1
6 2
6 3
6 4
6 5
6 7
6 8
6 5
6 8
6 11
6 12
6 13
6 36
6 5
6 7
6 8
6 5
6 7
6 8
6 5
6 8
6 5
6 8
6 5
6 8
6 5
6 8
6 5
6 8
6 5
6 8
6 5
6 8
6 5
6 8
6 5
6 8
6 5
6 8
7 5
7 6
7 8
7 0
7 1
7 2
7 3
7 4
7 5
7 6
7 8
7 47
7 48
7 49
7 5
7 6
7 8
7 5
7 6
7 8
8 5
8 6
8 7
8 0
8 1
8 2
8 3
8 4
8 5
8 6
8 7
8 5
8 6
8 11
8 12
8 13
8 36
8 5
8 6
8 7
8 5
8 6
8 7
8 5
8 6
8 5
8 6
8 5
8 6
8 5
8 6
8 5
8 6
8 5
8 6
8 5
8 6
8 5
8 6
8 5
8 6
8 5
8 6
9 2
9 10
9 11
9 22
9 23
9 24
9 44
9 47
9 10
9 10
9 10
9 10
9 10
9 11
9 12
9 15
9 10
9 10
10 2
10 9
10 11
10 22
10 23
10 24
10 44
10 47
10 9
10 9
10 9
10 9
10 9
10 11
10 12
10 9
10 9
10 14
10 15
10 16
10 30
10 31
10 32
10 33
10 34
10 40
10 41
10 42
10 43
10 44
11 2
11 9
11 10
11 22
11 23
11 24
11 44
11 47
11 9
11 10
11 12
11 5
11 6
11 8
11 12
11 13
11 36
11 12
11 12
11 12
11 13
11 12
11 13
11 12
11 12
11 13
12 13
12 19
12 20
12 26
12 27
12 28
12 29
12 35
12 38
12 49
12 13
12 19
12 20
12 35
12 44
12 49
12 9
12 10
12 11
12 5
12 6
12 8
12 11
12 13
12 36
12 11
12 11
12 11
12 13
12 11
12 13
12 11
12 11
12 13
13 12
13 19
13 20
13 26
13 27
13 28
13 29
13 35
13 38
13 49
13 12
13 19
13 20
13 35
13 44
13 49
13 5
13 6
13 8
13 11
13 12
13 36
13 11
13 12
13 11
13 12
13 11
13 12
14 15
14 16
14 40
14 41
14 42
14 43
14 15
14 16
14 40
14 41
14 42
14 43
14 15
14 16
14 40
14 41
14 42
14 43
14 15
14 16
14 40
14 41
14 42
14 15
14 16
14 40
14 41
14 42
14 43
14 15
14 16
14 40
14 41
14 42
14 43
14 15
14 16
14 40
14 41
14 42
14 43
14 10
14 15
14 16
14 30
14 31
14 32
14 33
14 34
14 40
14 41
14 42
14 43
14 44
14 16
14 21
14 23
14 24
14 40
14 41
14 42
14 43
14 44
14 45
14 46
14 15
14 16
14 21
14 22
14 23
14 24
14 40
14 41
14 42
14 43
14 44
14 45
14 46
14 15
14 16
14 21
14 22
14 23
14 24
14 40
14 41
14 42
14 43
14 44
14 45
14 46
14 15
14 16
14 21
14 22
14 23
14 24
14 40
14 41
14 42
14 43
14 44
14 45
14 46
14 15
14 40
14 41
14 42
14 15
14 16
14 21
14 22
14 23
14 24
14 40
14 41
14 42
14 43
14 44
14 45
14 46
14 15
14 16
14 21
14 22
14 23
14 24
14 40
14 41
14 42
14 43
14 44
14 45
14 46
14 15
14 16
14 21
14 22
14 23
14 24
14 40
14 41
14 42
14 43
14 44
14 45
14 46
14 15
14 16
14 21
14 22
14 23
14 24
14 30
14 31
14 32
14 33
14 34
14 40
14 41
14 42
14 43
14 44
14 45
14 46
15 14
15 16
15 40
15 41
15 42
15 43
15 14
15 16
15 40
15 41
15 42
15 43
15 14
15 16
15 40
15 41
15 42
15 43
15 9
15 14
15 16
15 40
15 41
15 42
15 14
15 16
15 40
15 41
15 42
15 43
15 14
15 16
15 40
15 41
15 42
15 43
15 14
15 16
15 40
15 41
15 42
15 43
15 10
15 14
15 16
15 30
15 31
15 32
15 33
15 34
15 40
15 41
15 42
15 43
15 44
15 14
15 16
15 21
15 22
15 23
15 24
15 40
15 41
15 42
15 43
15 44
15 45
15 46
15 14
15 16
15 21
15 22
15 23
15 24
15 40
15 41
15 42
15 43
15 44
15 45
15 46
15 14
15 16
15 21
15 22
15 23
15 24
15 40
15 41
15 42
15 43
15 44
15 45
15 46
15 14
15 40
15 41
15 42
15 14
15 16
15 21
15 22
15 23
15 24
15 40
15 41
15 42
15 43
15 44
15 45
15 46
15 14
15 16
15 21
15 22
15 23
15 24
15 40
15 41
15 42
15 43
15 44
15 45
15 46
15 14
15 16
15 21
15 22
15 23
15 24
15 40
15 41
15 42
15 43
15 44
15 45
15 46
15 14
15 16
15 21
15 22
15 23
15 24
15 30
15 31
15 32
15 33
15 34
15 40
15 41
15 42
15 43
15 44
15 45
15 46
16 14
16 15
16 40
16 41
16 42
16 43
16 14
16 15
16 40
16 41
16 42
16 43
16 14
16 15
16 40
16 41
16 42
16 43
16 14
16 15
16 40
16 41
16 42
16 14
16 15
16 40
16 41
16 42
16 43
16 14
16 15
16 40
16 41
16 42
16 43
16 14
16 15
16 40
16 41
16 42
16 43
16 10
16 14
16 15
16 30
16 31
16 32
16 33
16 34
16 40
16 41
16 42
16 43
16 44
16 40
16 41
16 43
16 14
16 21
16 23
16 24
16 40
16 41
16 42
16 43
16 44
16 45
16 46
16 14
16 15
16 21
16 22
16 23
16 24
16 40
16 41
16 42
16 43
16 44
16 45
16 46
16 14
16 15
16 21
16 22
16 23
16 24
16 40
16 41
16 42
16 43
16 44
16 45
16 46
16 14
16 15
16 21
16 22
16 23
16 24
16 40
16 41
16 42
16 43
16 44
16 45
16 46
16 45
16 14
16 15
16 21
16 22
16 23
16 24
16 40
16 41
16 42
16 43
16 44
16 45
16 46
16 14
16 15
16 21
16 22
16 23
16 24
16 40
16 41
16 42
16 43
16 44
16 45
16 46
16 14
16 15
16 21
16 22
16 23
16 24
16 40
16 41
16 42
16 43
16 44
16 45
16 46
16 14
16 15
16 21
16 22
16 23
16 24
16 30
16 31
16 32
16 33
16 34
16 40
16 41
16 42
16 43
16 44
16 45
16 46
17 18
17 18
17 18
17 18
17 18
17 18
17 18
17 18
18 17
18 17
18 17
18 17
18 17
18 17
18 17
18 17
19 12
19 13
19 20
19 26
19 27
19 28
19 29
19 35
19 38
19 49
19 12
19 13
19 20
19 35
19 44
19 49
20 12
20 13
20 19
20 26
20 27
20 28
20 29
20 35
20 38
20 49
20 12
20 13
20 19
20 35
20 44
20 49
20 0
20 2
20 3
21 22
21 23
21 24
21 22
21 23
21 24
21 22
21 23
21 24
21 22
21 23
21 24
21 22
21 23
21 24
21 22
21 23
21 24
21 22
21 23
21 24
21 22
21 23
21 24
21 22
21 23
21 24
21 22
21 23
21 24
21 22
21 23
21 24
21 22
21 23
21 24
21 14
21 16
21 23
21 24
21 40
21 41
21 42
21 43
21 44
21 45
21 46
21 22
21 23
21 24
21 22
21 23
21 24
21 22
21 23
21 24
21 22
21 23
21 24
21 22
21 23
21 24
21 22
21 23
21 24
21 22
21 23
21 24
21 22
21 23
21 24
21 22
21 23
21 24
21 22
21 23
21 24
21 22
21 23
21 24
21 22
21 23
21 24
21 22
21 23
21 24
21 22
21 23
21 24
21 22
21 23
21 24
21 22
21 23
21 24
21 22
21 23
21 24
21 14
21 15
21 16
21 22
21 23
21 24
21 40
21 41
21 42
21 43
21 44
21 45
21 46
21 14
21 15
21 16
21 22
21 23
21 24
21 40
21 41
21 42
21 43
21 44
21 45
21 46
21 14
21 15
21 16
21 22
21 23
21 24
21 40
21 41
21 42
21 43
21 44
21 45
21 46
21 22
21 23
21 24
21 43
21 44
21 46
21 14
21 15
21 16
21 22
21 23
21 24
21 40
21 41
21 42
21 43
21 44
21 45
21 46
21 14
21 15
21 16
21 22
21 23
21 24
21 40
21 41
21 42
21 43
21 44
21 45
21 46
21 14
21 15
21 16
21 22
21 23
21 24
21 40
21 41
21 42
21 43
21 44
21 45
21 46
21 14
21 15
21 16
21 22
21 23
21 24
21 30
21 31
21 32
21 33
21 34
21 40
21 41
21 42
21 43
21 44
21 45
21 46
22 21
22 23
22 24
22 21
22 23
22 24
22 23
22 24
22 21
22 23
22 24
22 23
22 24
22 23
22 24
22 23
22 24
22 23
22 24
22 23
22 24
22 23
22 24
22 21
22 23
22 24
22 21
22 23
22 24
22 21
22 23
22 24
22 21
22 23
22 24
22 23
22 24
22 21
22 23
22 24
22 21
22 23
22 24
22 21
22 23
22 24
22 23
22 24
22 21
22 23
22 24
22 21
22 23
22 24
22 21
22 23
22 24
22 21
22 23
22 24
22 21
22 23
22 24
22 21
22 23
22 24
22 23
22 24
22 23
22 24
22 21
22 23
22 24
22 21
22 23
22 24
22 21
22 23
22 24
22 21
22 23
22 24
22 21
22 23
22 24
22 21
22 23
22 24
22 21
22 23
22 24
22 21
22 23
22 24
22 21
22 23
22 24
22 23
22 24
22 23
22 24
22 23
22 24
22 23
22 24
22 23
22 24
22 23
22 24
22 23
22 24
22 23
22 24
22 23
22 24
22 23
22 24
22 23
22 24
22 23
22 24
22 23
22 24
22 23
22 24
22 21
22 23
22 24
22 23
22 24
22 23
22 24
22 23
22 24
22 23
22 24
22 23
22 24
22 23
22 24
22 23
22 24
22 23
22 24
22 23
22 24
22 23
22 24
22 23
22 24
22 23
22 24
22 23
22 24
22 23
22 24
22 23
22 24
22 23
22 24
22 23
22 24
22 23
22 24
22 23
22 24
22 23
22 24
22 23
22 24
22 23
22 24
22 23
22 24
22 23
22 24
22 23
22 24
22 23
22 24
22 23
22 24
22 23
22 24
22 23
22 24
22 23
22 24
22 23
22 24
22 23
22 24
22 23
22 24
22 23
22 24
22 23
22 24
22 23
22 24
22 23
22 24
22 23
22 24
22 23
22 24
22 23
22 24
22 23
22 24
22 23
22 24
22 23
22 24
22 23
22 24
22 23
22 24
22 23
22 24
22 23
22 24
22 23
22 24
22 23
22 24
22 23
22 24
22 23
22 24
22 23
22 24
22 23
22 24
22 23
22 24
22 23
22 24
22 23
22 24
22 23
22 24
22 23
22 24
22 23
22 24
22 23
22 24
22 23
22 24
22 23
22 24
22 23
22 24
22 23
22 24
22 23
22 24
22 23
22 24
22 23
22 24
22 23
22 24
22 23
22 24
22 23
22 24
22 23
22 24
22 23
22 24
22 23
22 24
22 23
22 24
22 23
22 24
22 23
22 24
22 23
22 24
22 23
22 24
22 23
22 24
22 23
22 24
22 23
22 24
22 23
22 24
22 23
22 24
22 23
22 24
22 23
22 24
22 23
22 24
22 23
22 24
22 23
22 24
22 23
22 24
22 23
22 24
22 23
22 24
22 23
22 24
22 23
22 24
22 23
22 24
22 23
22 24
22 23
22 24
22 23
22 24
22 23
22 24
22 23
22 24
22 23
22 24
22 23
22 24
22 23
22 24
22 23
22 24
22 23
22 24
22 23
22 24
22 23
22 24
22 23
22 24
22 23
22 24
22 23
22 24
22 23
22 24
22 23
22 24
22 23
22 24
22 23
22 24
22 23
22 24
22 23
22 24
22 23
22 24
22 23
22 24
22 23
22 24
22 23
22 24
22 23
22 24
22 23
22 24
22 23
22 24
22 23
22 24
22 23
22 24
22 23
22 24
22 23
22 24
22 23
22 24
22 23
22 24
22 23
22 24
22 23
22 24
22 23
22 24
22 23
22 24
22 23
22 24
22 23
22 24
22 23
22 24
22 23
22 24
22 23
22 24
22 23
22 24
22 23
22 24
22 23
22 24
22 23
22 24
22 23
22 24
22 23
22 24
22 23
22 24
22 23
22 24
22 23
22 24
22 23
22 24
22 23
22 24
22 23
22 24
22 23
22 24
22 23
22 24
22 23
22 24
22 23
22 24
22 23
22 24
22 23
22 24
22 23
22 24
22 23
22 24
22 23
22 24
22 23
22 24
22 23
22 24
22 23
22 24
22 23
22 24
22 23
22 24
22 23
22 24
22 23
22 24
22 23
22 24
22 23
22 24
22 23
22 24
22 23
22 24
22 23
22 24
22 23
22 24
22 23
22 24
22 23
22 24
22 23
22 24
22 23
22 24
22 23
22 24
22 23
22 24
22 23
22 24
22 23
22 24
22 23
22 24
22 23
22 24
22 23
22 24
22 23
22 24
22 23
22 24
22 23
22 24
22 23
22 24
22 23
22 24
22 23
22 24
22 23
22 24
22 23
22 24
22 23
22 24
22 23
22 24
22 23
22 24
22 23
22 24
22 23
22 24
22 23
22 24
22 23
22 24
22 23
22 24
22 23
22 24
22 23
22 24
22 23
22 24
22 23
22 24
22 23
22 24
22 23
22 24
22 23
22 24
22 23
22 24
22 23
22 24
22 23
22 24
22 23
22 24
22 23
22 24
22 23
22 24
22 23
22 24
22 23
22 24
22 23
22 24
22 23
22 24
22 23
22 24
22 23
22 24
22 23
22 24
22 23
22 24
22 23
22 24
22 23
22 24
22 23
22 24
22 23
22 24
22 23
22 24
22 23
22 24
22 23
22 24
22 23
22 24
22 23
22 24
22 23
22 24
22 23
22 24
22 23
22 24
22 23
22 24
22 23
22 24
22 23
22 24
22 23
22 24
22 23
22 24
22 23
22 24
22 23
22 24
22 23
22 24
22 23
22 24
22 23
22 24
22 23
22 24
22 23
22 24
22 23
22 24
22 23
22 24
22 23
22 24
22 23
22 24
22 23
22 24
22 23
22 24
22 23
22 24
22 23
22 24
22 23
22 24
22 23
22 24
22 23
22 24
22 23
22 24
22 23
22 24
22 23
22 24
22 23
22 24
22 23
22 24
22 23
22 24
22 23
22 24
22 23
22 24
22 23
22 24
22 23
22 24
22 23
22 24
22 23
22 24
22 23
22 24
22 23
22 24
22 23
22 24
22 23
22 24
22 23
22 24
22 23
22 24
22 23
22 24
22 23
22 24
22 23
22 24
22 23
22 24
22 23
22 24
22 23
22 24
22 23
22 24
22 23
22 24
22 23
22 24
22 23
22 24
22 23
22 24
22 23
22 24
22 23
22 24
22 23
22 24
22 23
22 24
22 23
22 24
22 23
22 24
22 23
22 24
22 23
22 24
22 23
22 24
22 23
22 24
22 23
22 24
22 23
22 24
22 23
22 24
22 23
22 24
22 23
22 24
22 23
22 24
22 23
22 24
22 23
22 24
22 23
22 24
22 23
22 24
22 23
22 24
22 23
22 24
22 23
22 24
22 23
22 24
22 23
22 24
22 23
22 24
22 23
22 24
22 23
22 24
22 23
22 24
22 23
22 24
22 23
22 24
22 23
22 24
22 23
22 24
22 23
22 24
22 23
22 24
22 23
22 24
22 23
22 24
22 23
22 24
22 23
22 24
22 23
22 24
22 23
22 24
22 23
22 24
22 23
22 24
22 23
22 24
22 23
22 24
22 23
22 24
22 23
22 24
22 23
22 24
22 23
22 24
22 23
22 24
22 23
22 24
22 23
22 24
22 23
22 24
22 23
22 24
22 23
22 24
22 23
22 24
22 23
22 24
22 23
22 24
22 23
22 24
22 23
22 24
22 23
22 24
22 23
22 24
22 23
22 24
22 23
22 24
22 23
22 24
22 23
22 24
22 23
22 24
22 23
22 24
22 23
22 24
22 23
22 24
22 23
22 24
22 23
22 24
22 23
22 24
22 23
22 24
22 23
22 24
22 23
22 24
22 23
22 24
22 23
22 24
22 23
22 24
22 23
22 24
22 23
22 24
22 23
22 24
22 23
22 24
22 23
22 24
22 23
22 24
22 23
22 24
22 23
22 24
22 23
22 24
22 23
22 24
22 23
22 24
22 23
22 24
22 23
22 24
22 23
22 24
22 23
22 24
22 23
22 24
22 23
22 24
22 23
22 24
22 23
22 24
22 23
22 24
22 23
22 24
22 23
22 24
22 23
22 24
22 23
22 24
22 23
22 24
22 23
22 24
22 23
22 24
22 23
22 24
22 23
22 24
22 23
22 24
22 23
22 24
22 23
22 24
22 23
22 24
22 23
22 24
22 23
22 24
22 23
22 24
22 21
22 23
22 24
22 21
22 23
22 24
22 21
22 23
22 24
22 2
22 9
22 10
22 11
22 23
22 24
22 44
22 47
22 14
22 15
22 16
22 21
22 23
22 24
22 40
22 41
22 42
22 43
22 44
22 45
22 46
22 14
22 15
22 16
22 21
22 23
22 24
22 40
22 41
22 42
22 43
22 44
22 45
22 46
22 14
22 15
22 16
22 21
22 23
22 24
22 40
22 41
22 42
22 43
22 44
22 45
22 46
22 21
22 23
22 24
22 43
22 44
22 46
22 14
22 15
22 16
22 21
22 23
22 24
22 40
22 41
22 42
22 43
22 44
22 45
22 46
22 14
22 15
22 16
22 21
22 23
22 24
22 40
22 41
22 42
22 43
22 44
22 45
22 46
22 14
22 15
22 16
22 21
22 23
22 24
22 40
22 41
22 42
22 43
22 44
22 45
22 46
22 14
22 15
22 16
22 21
22 23
22 24
22 30
22 31
22 32
22 33
22 34
22 40
22 41
22 42
22 43
22 44
22 45
22 46
23 21
23 22
23 24
23 21
23 22
23 24
23 22
23 24
23 21
23 22
23 24
23 22
23 24
23 22
23 24
23 22
23 24
23 22
23 24
23 22
23 24
23 22
23 24
23 21
23 22
23 24
23 21
23 22
23 24
23 21
23 22
23 24
23 21
23 22
23 24
23 22
23 24
23 21
23 22
23 24
23 21
23 22
23 24
23 21
23 22
23 24
23 22
23 24
23 21
23 22
23 24
23 21
23 22
23 24
23 21
23 22
23 24
23 21
23 22
23 24
23 21
23 22
23 24
23 21
23 22
23 24
23 22
23 24
23 22
23 24
23 21
23 22
23 24
23 21
23 22
23 24
23 21
23 22
23 24
23 21
23 22
23 24
23 21
23 22
23 24
23 21
23 22
23 24
23 21
23 22
23 24
23 21
23 22
23 24
23 21
23 22
23 24
23 22
23 24
23 22
23 24
23 22
23 24
23 22
23 24
23 22
23 24
23 22
23 24
23 22
23 24
23 22
23 24
23 22
23 24
23 22
23 24
23 22
23 24
23 22
23 24
23 22
23 24
23 22
23 24
23 21
23 22
23 24
23 22
23 24
23 22
23 24
23 22
23 24
23 22
23 24
23 22
23 24
23 22
23 24
23 22
23 24
23 22
23 24
23 22
23 24
23 22
23 24
23 22
23 24
23 22
23 24
23 22
23 24
23 22
23 24
23 22
23 24
23 22
23 24
23 22
23 24
23 22
23 24
23 22
23 24
23 22
23 24
23 22
23 24
23 22
23 24
23 22
23 24
23 22
23 24
23 22
23 24
23 22
23 24
23 22
23 24
23 22
23 24
23 22
23 24
23 22
23 24
23 22
23 24
23 22
23 24
23 22
23 24
23 22
23 24
23 22
23 24
23 22
23 24
23 22
23 24
23 22
23 24
23 22
23 24
23 22
23 24
23 22
23 24
23 22
23 24
23 22
23 24
23 22
23 24
23 22
23 24
23 22
23 24
23 22
23 24
23 22
23 24
23 22
23 24
23 22
23 24
23 22
23 24
23 22
23 24
23 22
23 24
23 22
23 24
23 22
23 24
23 22
23 24
23 22
23 24
23 22
23 24
23 22
23 24
23 22
23 24
23 22
23 24
23 22
23 24
23 22
23 24
23 22
23 24
23 22
23 24
23 22
23 24
23 22
23 24
23 22
23 24
23 22
23 24
23 22
23 24
23 22
23 24
23 22
23 24
23 22
23 24
23 22
23 24
23 22
23 24
23 22
23 24
23 22
23 24
23 22
23 24
23 22
23 24
23 22
23 24
23 22
23 24
23 22
23 24
23 22
23 24
23 22
23 24
23 22
23 24
23 22
23 24
23 22
23 24
23 22
23 24
23 22
23 24
23 22
23 24
23 22
23 24
23 22
23 24
23 22
23 24
23 22
23 24
23 22
23 24
23 22
23 24
23 22
23 24
23 22
23 24
23 22
23 24
23 22
23 24
23 22
23 24
23 22
23 24
23 22
23 24
23 22
23 24
23 22
23 24
23 22
23 24
23 22
23 24
23 22
23 24
23 22
23 24
23 22
23 24
23 22
23 24
23 22
23 24
23 22
23 24
23 22
23 24
23 22
23 24
23 22
23 24
23 22
23 24
23 22
23 24
23 22
23 24
23 22
23 24
23 22
23 24
23 22
23 24
23 22
23 24
23 22
23 24
23 22
23 24
23 22
23 24
23 22
23 24
23 22
23 24
23 22
23 24
23 22
23 24
23 22
23 24
23 22
23 24
23 22
23 24
23 22
23 24
23 22
23 24
23 22
23 24
23 22
23 24
23 22
23 24
23 22
23 24
23 22
23 24
23 22
23 24
23 22
23 24
23 22
23 24
23 22
23 24
23 22
23 24
23 22
23 24
23 22
23 24
23 22
23 24
23 22
23 24
23 22
23 24
23 22
23 24
23 22
23 24
23 22
23 24
23 22
23 24
23 22
23 24
23 22
23 24
23 22
23 24
23 22
23 24
23 22
23 24
23 22
23 24
23 22
23 24
23 22
23 24
23 22
23 24
23 22
23 24
23 22
23 24
23 22
23 24
23 22
23 24
23 22
23 24
23 22
23 24
23 22
23 24
23 22
23 24
23 22
23 24
23 22
23 24
23 22
23 24
23 22
23 24
23 22
23 24
23 22
23 24
23 22
23 24
23 22
23 24
23 22
23 24
23 22
23 24
23 22
23 24
23 22
23 24
23 22
23 24
23 22
23 24
23 22
23 24
23 22
23 24
23 22
23 24
23 22
23 24
23 22
23 24
23 22
23 24
23 22
23 24
23 22
23 24
23 22
23 24
23 22
23 24
23 22
23 24
23 22
23 24
23 22
23 24
23 22
23 24
23 22
23 24
23 22
23 24
23 22
23 24
23 22
23 24
23 22
23 24
23 22
23 24
23 22
23 24
23 22
23 24
23 22
23 24
23 22
23 24
23 22
23 24
23 22
23 24
23 22
23 24
23 22
23 24
23 22
23 24
23 22
23 24
23 22
23 24
23 22
23 24
23 22
23 24
23 22
23 24
23 22
23 24
23 22
23 24
23 22
23 24
23 22
23 24
23 22
23 24
23 22
23 24
23 22
23 24
23 22
23 24
23 22
23 24
23 22
23 24
23 22
23 24
23 22
23 24
23 22
23 24
23 22
23 24
23 22
23 24
23 22
23 24
23 22
23 24
23 22
23 24
23 22
23 24
23 22
23 24
23 22
23 24
23 22
23 24
23 22
23 24
23 22
23 24
23 22
23 24
23 22
23 24
23 22
23 24
23 22
23 24
23 22
23 24
23 22
23 24
23 22
23 24
23 22
23 24
23 22
23 24
23 22
23 24
23 22
23 24
23 22
23 24
23 22
23 24
23 22
23 24
23 22
23 24
23 22
23 24
23 22
23 24
23 22
23 24
23 22
23 24
23 22
23 24
23 22
23 24
23 22
23 24
23 22
23 24
23 22
23 24
23 22
23 24
23 22
23 24
23 22
23 24
23 22
23 24
23 22
23 24
23 22
23 24
23 22
23 24
23 22
23 24
23 22
23 24
23 22
23 24
23 22
23 24
23 22
23 24
23 22
23 24
23 22
23 24
23 22
23 24
23 22
23 24
23 22
23 24
23 22
23 24
23 22
23 24
23 22
23 24
23 22
23 24
23 22
23 24
23 22
23 24
23 22
23 24
23 22
23 24
23 22
23 24
23 22
23 24
23 22
23 24
23 22
23 24
23 22
23 24
23 22
23 24
23 22
23 24
23 22
23 24
23 22
23 24
23 22
23 24
23 22
23 24
23 22
23 24
23 22
23 24
23 22
23 24
23 22
23 24
23 22
23 24
23 22
23 24
23 22
23 24
23 22
23 24
23 22
23 24
23 22
23 24
23 22
23 24
23 22
23 24
23 22
23 24
23 22
23 24
23 22
23 24
23 22
23 24
23 22
23 24
23 22
23 24
23 22
23 24
23 22
23 24
23 22
23 24
23 22
23 24
23 22
23 24
23 22
23 24
23 22
23 24
23 22
23 24
23 22
23 24
23 22
23 24
23 22
23 24
23 22
23 24
23 22
23 24
23 22
23 24
23 22
23 24
23 22
23 24
23 22
23 24
23 22
23 24
23 22
23 24
23 22
23 24
23 22
23 24
23 22
23 24
23 22
23 24
23 22
23 24
23 22
23 24
23 22
23 24
23 22
23 24
23 22
23 24
23 22
23 24
23 22
23 24
23 22
23 24
23 22
23 24
23 22
23 24
23 22
23 24
23 22
23 24
23 22
23 24
23 22
23 24
23 22
23 24
23 22
23 24
23 22
23 24
23 22
23 24
23 22
23 24
23 22
23 24
23 22
23 24
23 22
23 24
23 22
23 24
23 22
23 24
23 22
23 24
23 22
23 24
23 22
23 24
23 22
23 24
23 22
23 24
23 22
23 24
23 22
23 24
23 22
23 24
23 22
23 24
23 22
23 24
23 22
23 24
23 22
23 24
23 22
23 24
23 22
23 24
23 22
23 24
23 22
23 24
23 22
23 24
23 22
23 24
23 22
23 24
23 22
23 24
23 22
23 24
23 22
23 24
23 22
23 24
23 22
23 24
23 22
23 24
23 22
23 24
23 22
23 24
23 22
23 24
23 22
23 24
23 22
23 24
23 21
23 22
23 24
23 21
23 22
23 24
23 14
23 16
23 21
23 24
23 40
23 41
23 42
23 43
23 44
23 45
23 46
23 21
23 22
23 24
23 14
23 15
23 16
23 21
23 22
23 24
23 40
23 41
23 42
23 43
23 44
23 45
23 46
23 14
23 15
23 16
23 21
23 22
23 24
23 40
23 41
23 42
23 43
23 44
23 45
23 46
23 14
23 15
23 16
23 21
23 22
23 24
23 40
23 41
23 42
23 43
23 44
23 45
23 46
23 21
23 22
23 24
23 43
23 44
23 46
23 14
23 15
23 16
23 21
23 22
23 24
23 40
23 41
23 42
23 43
23 44
23 45
23 46
23 14
23 15
23 16
23 21
23 22
23 24
23 40
23 41
23 42
23 43
23 44
23 45
23 46
23 14
23 15
23 16
23 21
23 22
23 24
23 40
23 41
23 42
23 43
23 44
23 45
23 46
23 14
23 15
23 16
23 21
23 22
23 24
23 30
23 31
23 32
23 33
23 34
23 40
23 41
23 42
23 43
23 44
23 45
23 46
23 2
23 9
23 10
23 11
23 22
23 24
23 44
23 47
24 21
24 22
24 23
24 21
24 22
24 23
24 22
24 23
24 21
24 22
24 23
24 22
24 23
24 22
24 23
24 22
24 23
24 22
24 23
24 22
24 23
24 22
24 23
24 21
24 22
24 23
24 21
24 22
24 23
24 21
24 22
24 23
24 21
24 22
24 23
24 22
24 23
24 21
24 22
24 23
24 21
24 22
24 23
24 21
24 22
24 23
24 22
24 23
24 21
24 22
24 23
24 21
24 22
24 23
24 21
24 22
24 23
24 21
24 22
24 23
24 21
24 22
24 23
24 21
24 22
24 23
24 22
24 23
24 22
24 23
24 21
24 22
24 23
24 21
24 22
24 23
24 21
24 22
24 23
24 21
24 22
24 23
24 21
24 22
24 23
24 21
24 22
24 23
24 21
24 22
24 23
24 21
24 22
24 23
24 21
24 22
24 23
24 22
24 23
24 22
24 23
24 22
24 23
24 22
24 23
24 22
24 23
24 22
24 23
24 22
24 23
24 22
24 23
24 22
24 23
24 22
24 23
24 22
24 23
24 22
24 23
24 22
24 23
24 22
24 23
24 21
24 22
24 23
24 22
24 23
24 22
24 23
24 22
24 23
24 22
24 23
24 22
24 23
24 22
24 23
24 22
24 23
24 22
24 23
24 22
24 23
24 22
24 23
24 22
24 23
24 22
24 23
24 22
24 23
24 22
24 23
24 22
24 23
24 22
24 23
24 22
24 23
24 22
24 23
24 22
24 23
24 22
24 23
24 22
24 23
24 22
24 23
24 22
24 23
24 22
24 23
24 22
24 23
24 22
24 23
24 22
24 23
24 22
24 23
24 22
24 23
24 22
24 23
24 22
24 23
24 22
24 23
24 22
24 23
24 22
24 23
24 22
24 23
24 22
24 23
24 22
24 23
24 22
24 23
24 22
24 23
24 22
24 23
24 22
24 23
24 22
24 23
24 22
24 23
24 22
24 23
24 22
24 23
24 22
24 23
24 22
24 23
24 22
24 23
24 22
24 23
24 22
24 23
24 22
24 23
24 22
24 23
24 22
24 23
24 22
24 23
24 22
24 23
24 22
24 23
24 22
24 23
24 22
24 23
24 22
24 23
24 22
24 23
24 22
24 23
24 22
24 23
24 22
24 23
24 22
24 23
24 22
24 23
24 22
24 23
24 22
24 23
24 22
24 23
24 22
24 23
24 22
24 23
24 22
24 23
24 22
24 23
24 22
24 23
24 22
24 23
24 22
24 23
24 22
24 23
24 22
24 23
24 22
24 23
24 22
24 23
24 22
24 23
24 22
24 23
24 22
24 23
24 22
24 23
24 22
24 23
24 22
24 23
24 22
24 23
24 22
24 23
24 22
24 23
24 22
24 23
24 22
24 23
24 22
24 23
24 22
24 23
24 22
24 23
24 22
24 23
24 22
24 23
24 22
24 23
24 22
24 23
24 22
24 23
24 22
24 23
24 22
24 23
24 22
24 23
24 22
24 23
24 22
24 23
24 22
24 23
24 22
24 23
24 22
24 23
24 22
24 23
24 22
24 23
24 22
24 23
24 22
24 23
24 22
24 23
24 22
24 23
24 22
24 23
24 22
24 23
24 22
24 23
24 22
24 23
24 22
24 23
24 22
24 23
24 22
24 23
24 22
24 23
24 22
24 23
24 22
24 23
24 22
24 23
24 22
24 23
24 22
24 23
24 22
24 23
24 22
24 23
24 22
24 23
24 22
24 23
24 22
24 23
24 22
24 23
24 22
24 23
24 22
24 23
24 22
24 23
24 22
24 23
24 22
24 23
24 22
24 23
24 22
24 23
24 22
24 23
24 22
24 23
24 22
24 23
24 22
24 23
24 22
24 23
24 22
24 23
24 22
24 23
24 22
24 23
24 22
24 23
24 22
24 23
24 22
24 23
24 22
24 23
24 22
24 23
24 22
24 23
24 22
24 23
24 22
24 23
24 22
24 23
24 22
24 23
24 22
24 23
24 22
24 23
24 22
24 23
24 22
24 23
24 22
24 23
24 22
24 23
24 22
24 23
24 22
24 23
24 22
24 23
24 22
24 23
24 22
24 23
24 22
24 23
24 22
24 23
24 22
24 23
24 22
24 23
24 22
24 23
24 22
24 23
24 22
24 23
24 22
24 23
24 22
24 23
24 22
24 23
24 22
24 23
24 22
24 23
24 22
24 23
24 22
24 23
24 22
24 23
24 22
24 23
24 22
24 23
24 22
24 23
24 22
24 23
24 22
24 23
24 22
24 23
24 22
24 23
24 22
24 23
24 22
24 23
24 22
24 23
24 22
24 23
24 22
24 23
24 22
24 23
24 22
24 23
24 22
24 23
24 22
24 23
24 22
24 23
24 22
24 23
24 22
24 23
24 22
24 23
24 22
24 23
24 22
24 23
24 22
24 23
24 22
24 23
24 22
24 23
24 22
24 23
24 22
24 23
24 22
24 23
24 22
24 23
24 22
24 23
24 22
24 23
24 22
24 23
24 22
24 23
24 22
24 23
24 22
24 23
24 22
24 23
24 22
24 23
24 22
24 23
24 22
24 23
24 22
24 23
24 22
24 23
24 22
24 23
24 22
24 23
24 22
24 23
24 22
24 23
24 22
24 23
24 22
24 23
24 22
24 23
24 22
24 23
24 22
24 23
24 22
24 23
24 22
24 23
24 22
24 23
24 22
24 23
24 22
24 23
24 22
24 23
24 22
24 23
24 22
24 23
24 22
24 23
24 22
24 23
24 22
24 23
24 22
24 23
24 22
24 23
24 22
24 23
24 22
24 23
24 22
24 23
24 22
24 23
24 22
24 23
24 22
24 23
24 22
24 23
24 22
24 23
24 22
24 23
24 22
24 23
24 22
24 23
24 22
24 23
24 22
24 23
24 22
24 23
24 22
24 23
24 22
24 23
24 22
24 23
24 22
24 23
24 22
24 23
24 22
24 23
24 22
24 23
24 22
24 23
24 22
24 23
24 22
24 23
24 22
24 23
24 22
24 23
24 22
24 23
24 22
24 23
24 22
24 23
24 22
24 23
24 22
24 23
24 22
24 23
24 22
24 23
24 22
24 23
24 22
24 23
24 22
24 23
24 22
24 23
24 22
24 23
24 22
24 23
24 22
24 23
24 22
24 23
24 22
24 23
24 22
24 23
24 22
24 23
24 22
24 23
24 22
24 23
24 22
24 23
24 22
24 23
24 22
24 23
24 22
24 23
24 22
24 23
24 22
24 23
24 22
24 23
24 22
24 23
24 22
24 23
24 22
24 23
24 22
24 23
24 22
24 23
24 22
24 23
24 22
24 23
24 22
24 23
24 22
24 23
24 22
24 23
24 22
24 23
24 22
24 23
24 22
24 23
24 22
24 23
24 22
24 23
24 22
24 23
24 22
24 23
24 22
24 23
24 22
24 23
24 22
24 23
24 22
24 23
24 22
24 23
24 22
24 23
24 22
24 23
24 22
24 23
24 22
24 23
24 22
24 23
24 22
24 23
24 22
24 23
24 22
24 23
24 22
24 23
24 22
24 23
24 22
24 23
24 22
24 23
24 22
24 23
24 22
24 23
24 22
24 23
24 22
24 23
24 22
24 23
24 22
24 23
24 22
24 23
24 22
24 23
24 22
24 23
24 22
24 23
24 22
24 23
24 22
24 23
24 22
24 23
24 22
24 23
24 22
24 23
24 22
24 23
24 22
24 23
24 22
24 23
24 22
24 23
24 22
24 23
24 22
24 23
24 22
24 23
24 22
24 23
24 22
24 23
24 22
24 23
24 22
24 23
24 22
24 23
24 22
24 23
24 22
24 23
24 22
24 23
24 22
24 23
24 22
24 23
24 22
24 23
24 22
24 23
24 22
24 23
24 22
24 23
24 22
24 23
24 22
24 23
24 22
24 23
24 22
24 23
24 22
24 23
24 22
24 23
24 22
24 23
24 22
24 23
24 22
24 23
24 22
24 23
24 22
24 23
24 22
24 23
24 22
24 23
24 22
24 23
24 22
24 23
24 22
24 23
24 22
24 23
24 22
24 23
24 22
24 23
24 22
24 23
24 22
24 23
24 22
24 23
24 22
24 23
24 22
24 23
24 22
24 23
24 22
24 23
24 22
24 23
24 22
24 23
24 22
24 23
24 22
24 23
24 21
24 22
24 23
24 21
24 22
24 23
24 14
24 16
24 21
24 23
24 40
24 41
24 42
24 43
24 44
24 45
24 46
24 21
24 22
24 23
24 2
24 9
24 10
24 11
24 22
24 23
24 44
24 47
24 14
24 15
24 16
24 21
24 22
24 23
24 40
24 41
24 42
24 43
24 44
24 45
24 46
24 14
24 15
24 16
24 21
24 22
24 23
24 40
24 41
24 42
24 43
24 44
24 45
24 46
24 14
24 15
24 16
24 21
24 22
24 23
24 40
24 41
24 42
24 43
24 44
24 45
24 46
24 21
24 22
24 23
24 43
24 44
24 46
24 14
24 15
24 16
24 21
24 22
24 23
24 40
24 41
24 42
24 43
24 44
24 45
24 46
24 14
24 15
24 16
24 21
24 22
24 23
24 40
24 41
24 42
24 43
24 44
24 45
24 46
24 14
24 15
24 16
24 21
24 22
24 23
24 40
24 41
24 42
24 43
24 44
24 45
24 46
24 14
24 15
24 16
24 21
24 22
24 23
24 30
24 31
24 32
24 33
24 34
24 40
24 41
24 42
24 43
24 44
24 45
24 46
25 26
25 27
25 28
25 29
25 26
25 27
25 28
25 29
26 12
26 13
26 19
26 20
26 27
26 28
26 29
26 35
26 38
26 49
26 27
26 28
26 29
26 45
26 46
26 27
26 28
26 29
26 45
26 46
26 27
26 28
26 29
26 25
26 27
26 28
26 29
26 27
26 28
26 29
26 27
26 28
26 29
26 25
27 12
27 13
27 19
27 20
27 26
27 28
27 29
27 35
27 38
27 49
27 26
27 28
27 29
27 45
27 46
27 26
27 28
27 29
27 45
27 46
27 26
27 28
27 29
27 25
27 26
27 28
27 29
27 26
27 28
27 29
27 26
27 28
27 29
27 25
28 12
28 13
28 19
28 20
28 26
28 27
28 29
28 35
28 38
28 49
28 26
28 27
28 29
28 45
28 46
28 26
28 27
28 29
28 45
28 46
28 26
28 27
28 29
28 25
28 26
28 27
28 29
28 26
28 27
28 29
28 26
28 27
28 29
28 29
28 29
28 29
28 29
28 29
28 29
28 29
28 29
28 29
28 25
29 12
29 13
29 19
29 20
29 26
29 27
29 28
29 35
29 38
29 49
29 26
29 27
29 28
29 45
29 46
29 26
29 27
29 28
29 45
29 46
29 26
29 27
29 28
29 25
29 26
29 27
29 28
29 26
29 27
29 28
29 26
29 27
29 28
29 28
29 28
29 28
29 28
29 28
29 28
29 28
29 28
29 28
29 25
30 31
30 32
30 33
30 34
30 31
30 32
30 33
30 34
30 31
30 32
30 33
30 34
30 31
30 32
30 33
30 34
30 31
30 32
30 33
30 34
30 31
30 32
30 33
30 34
30 31
30 32
30 33
30 34
30 31
30 32
30 33
30 34
30 31
30 32
30 33
30 34
30 31
30 32
30 33
30 34
30 31
30 32
30 33
30 34
30 31
30 32
30 33
30 34
30 31
30 32
30 33
30 34
30 31
30 32
30 33
30 34
30 31
30 32
30 33
30 34
30 31
30 32
30 33
30 34
30 31
30 32
30 33
30 34
30 31
30 32
30 33
30 34
30 31
30 32
30 33
30 34
30 31
30 32
30 33
30 34
30 31
30 32
30 33
30 34
30 14
30 15
30 16
30 21
30 22
30 23
30 24
30 31
30 32
30 33
30 34
30 40
30 41
30 42
30 43
30 44
30 45
30 46
30 31
30 32
30 33
30 34
30 31
30 32
30 33
30 34
30 31
30 32
30 33
30 34
30 31
30 32
30 33
30 34
30 31
30 32
30 33
30 34
30 31
30 32
30 33
30 34
30 31
30 32
30 33
30 34
30 31
30 32
30 33
30 34
30 31
30 32
30 33
30 34
30 31
30 32
30 33
30 34
30 31
30 32
30 33
30 34
30 31
30 32
30 33
30 34
30 31
30 32
30 33
30 34
30 31
30 32
30 33
30 34
30 31
30 32
30 33
30 34
30 31
30 32
30 33
30 34
30 10
30 14
30 15
30 16
30 31
30 32
30 33
30 34
30 40
30 41
30 42
30 43
30 44
31 30
31 32
31 33
31 34
31 30
31 32
31 33
31 34
31 30
31 32
31 33
31 34
31 30
31 32
31 33
31 34
31 30
31 32
31 33
31 34
31 30
31 32
31 33
31 34
31 30
31 32
31 33
31 34
31 30
31 32
31 33
31 34
31 30
31 32
31 33
31 34
31 30
31 32
31 33
31 34
31 30
31 32
31 33
31 34
31 30
31 32
31 33
31 34
31 30
31 32
31 33
31 34
31 30
31 32
31 33
31 34
31 30
31 32
31 33
31 34
31 30
31 32
31 33
31 34
31 30
31 32
31 33
31 34
31 30
31 32
31 33
31 34
31 30
31 32
31 33
31 34
31 30
31 32
31 33
31 34
31 30
31 32
31 33
31 34
31 14
31 15
31 16
31 21
31 22
31 23
31 24
31 30
31 32
31 33
31 34
31 40
31 41
31 42
31 43
31 44
31 45
31 46
31 30
31 32
31 33
31 34
31 30
31 32
31 33
31 34
31 30
31 32
31 33
31 34
31 30
31 32
31 33
31 34
31 30
31 32
31 33
31 34
31 30
31 32
31 33
31 34
31 30
31 32
31 33
31 34
31 30
31 32
31 33
31 34
31 30
31 32
31 33
31 34
31 30
31 32
31 33
31 34
31 30
31 32
31 33
31 34
31 30
31 32
31 33
31 34
31 30
31 32
31 33
31 34
31 30
31 32
31 33
31 34
31 30
31 32
31 33
31 34
31 30
31 32
31 33
31 34
31 10
31 14
31 15
31 16
31 30
31 32
31 33
31 34
31 40
31 41
31 42
31 43
31 44
32 30
32 31
32 33
32 34
32 30
32 31
32 33
32 34
32 30
32 31
32 33
32 34
32 30
32 31
32 33
32 34
32 30
32 31
32 33
32 34
32 30
32 31
32 33
32 34
32 30
32 31
32 33
32 34
32 30
32 31
32 33
32 34
32 30
32 31
32 33
32 34
32 30
32 31
32 33
32 34
32 30
32 31
32 33
32 34
32 30
32 31
32 33
32 34
32 30
32 31
32 33
32 34
32 30
32 31
32 33
32 34
32 30
32 31
32 33
32 34
32 30
32 31
32 33
32 34
32 30
32 31
32 33
32 34
32 30
32 31
32 33
32 34
32 30
32 31
32 33
32 34
32 30
32 31
32 33
32 34
32 30
32 31
32 33
32 34
32 14
32 15
32 16
32 21
32 22
32 23
32 24
32 30
32 31
32 33
32 34
32 40
32 41
32 42
32 43
32 44
32 45
32 46
32 30
32 31
32 33
32 34
32 30
32 31
32 33
32 34
32 30
32 31
32 33
32 34
32 30
32 31
32 33
32 34
32 30
32 31
32 33
32 34
32 30
32 31
32 33
32 34
32 30
32 31
32 33
32 34
32 30
32 31
32 33
32 34
32 30
32 31
32 33
32 34
32 30
32 31
32 33
32 34
32 30
32 31
32 33
32 34
32 30
32 31
32 33
32 34
32 30
32 31
32 33
32 34
32 30
32 31
32 33
32 34
32 30
32 31
32 33
32 34
32 30
32 31
32 33
32 34
32 10
32 14
32 15
32 16
32 30
32 31
32 33
32 34
32 40
32 41
32 42
32 43
32 44
33 30
33 31
33 32
33 34
33 30
33 31
33 32
33 34
33 30
33 31
33 32
33 34
33 30
33 31
33 32
33 34
33 30
33 31
33 32
33 34
33 30
33 31
33 32
33 34
33 30
33 31
33 32
33 34
33 30
33 31
33 32
33 34
33 30
33 31
33 32
33 34
33 30
33 31
33 32
33 34
33 30
33 31
33 32
33 34
33 30
33 31
33 32
33 34
33 30
33 31
33 32
33 34
33 30
33 31
33 32
33 34
33 30
33 31
33 32
33 34
33 30
33 31
33 32
33 34
33 30
33 31
33 32
33 34
33 30
33 31
33 32
33 34
33 30
33 31
33 32
33 34
33 30
33 31
33 32
33 34
33 30
33 31
33 32
33 34
33 14
33 15
33 16
33 21
33 22
33 23
33 24
33 30
33 31
33 32
33 34
33 40
33 41
33 42
33 43
33 44
33 45
33 46
33 30
33 31
33 32
33 34
33 30
33 31
33 32
33 34
33 30
33 31
33 32
33 34
33 30
33 31
33 32
33 34
33 30
33 31
33 32
33 34
33 30
33 31
33 32
33 34
33 30
33 31
33 32
33 34
33 30
33 31
33 32
33 34
33 30
33 31
33 32
33 34
33 30
33 31
33 32
33 34
33 30
33 31
33 32
33 34
33 30
33 31
33 32
33 34
33 30
33 31
33 32
33 34
33 30
33 31
33 32
33 34
33 30
33 31
33 32
33 34
33 30
33 31
33 32
33 34
33 10
33 14
33 15
33 16
33 30
33 31
33 32
33 34
33 40
33 41
33 42
33 43
33 44
34 30
34 31
34 32
34 33
34 30
34 31
34 32
34 33
34 30
34 31
34 32
34 33
34 30
34 31
34 32
34 33
34 30
34 31
34 32
34 33
34 30
34 31
34 32
34 33
34 30
34 31
34 32
34 33
34 30
34 31
34 32
34 33
34 30
34 31
34 32
34 33
34 30
34 31
34 32
34 33
34 30
34 31
34 32
34 33
34 30
34 31
34 32
34 33
34 30
34 31
34 32
34 33
34 30
34 31
34 32
34 33
34 30
34 31
34 32
34 33
34 30
34 31
34 32
34 33
34 30
34 31
34 32
34 33
34 30
34 31
34 32
34 33
34 30
34 31
34 32
34 33
34 30
34 31
34 32
34 33
34 30
34 31
34 32
34 33
34 14
34 15
34 16
34 21
34 22
34 23
34 24
34 30
34 31
34 32
34 33
34 40
34 41
34 42
34 43
34 44
34 45
34 46
34 30
34 31
34 32
34 33
34 30
34 31
34 32
34 33
34 30
34 31
34 32
34 33
34 30
34 31
34 32
34 33
34 30
34 31
34 32
34 33
34 30
34 31
34 32
34 33
34 30
34 31
34 32
34 33
34 30
34 31
34 32
34 33
34 30
34 31
34 32
34 33
34 30
34 31
34 32
34 33
34 30
34 31
34 32
34 33
34 30
34 31
34 32
34 33
34 30
34 31
34 32
34 33
34 30
34 31
34 32
34 33
34 30
34 31
34 32
34 33
34 30
34 31
34 32
34 33
34 10
34 14
34 15
34 16
34 30
34 31
34 32
34 33
34 40
34 41
34 42
34 43
34 44
35 12
35 13
35 19
35 20
35 26
35 27
35 28
35 29
35 38
35 49
35 12
35 13
35 19
35 20
35 44
35 49
36 5
36 6
36 8
36 11
36 12
36 13
37 39
37 38
37 39
37 38
37 39
37 38
37 39
37 38
37 39
37 38
37 39
37 38
37 39
37 38
37 39
37 38
37 39
37 38
37 39
37 38
37 39
37 38
37 39
37 38
37 39
37 38
37 39
37 38
37 39
37 39
37 39
37 38
37 39
37 38
37 39
37 38
37 39
37 38
37 39
37 39
37 39
37 39
37 39
37 39
37 39
37 39
37 39
37 39
37 39
37 39
37 39
37 39
37 39
37 39
37 39
37 39
37 39
37 39
37 39
37 39
37 39
37 39
37 39
37 39
37 39
37 39
37 39
37 39
37 39
37 39
37 39
37 39
37 39
37 39
37 39
37 39
37 39
37 39
37 39
37 39
37 39
37 38
37 39
37 38
37 39
37 39
37 39
37 38
37 39
37 38
37 39
37 39
37 39
37 38
37 39
37 38
37 39
37 39
37 39
37 38
37 39
37 38
37 39
37 39
37 39
37 39
37 39
37 39
37 39
37 38
37 39
37 38
37 39
37 38
37 39
37 38
37 39
37 38
37 39
37 38
37 39
37 38
37 39
37 38
37 39
37 38
37 39
37 38
37 39
37 38
37 39
37 38
37 39
37 38
37 39
37 38
37 39
37 38
37 39
37 38
37 39
37 38
37 39
37 38
37 39
37 38
37 39
37 38
37 39
37 38
37 39
37 38
37 39
37 38
37 39
37 38
37 39
37 38
37 39
37 38
37 39
37 38
37 39
37 38
37 39
37 38
37 39
37 38
37 39
37 38
37 39
37 38
37 39
37 38
37 39
37 38
37 39
37 38
37 39
37 38
37 39
37 38
37 39
37 38
37 39
37 38
37 39
37 38
37 39
37 38
37 39
37 38
37 39
37 38
37 39
37 38
37 39
37 38
37 39
37 38
37 39
37 38
37 39
37 38
37 39
37 38
37 39
37 38
37 39
37 38
37 39
37 38
37 39
37 38
37 39
37 38
37 39
37 38
37 39
37 38
37 39
37 38
37 39
37 38
37 39
37 38
37 39
37 38
37 39
37 38
37 39
37 38
37 39
37 38
37 39
37 38
37 39
37 38
37 39
37 38
37 39
37 38
37 39
37 38
37 39
37 38
37 39
37 38
37 39
37 38
37 39
37 38
37 39
37 38
37 39
37 38
37 39
37 38
37 39
37 38
37 39
37 38
37 39
37 38
37 39
37 38
37 39
37 38
37 39
37 38
37 39
37 38
37 39
37 38
37 39
37 38
37 39
37 38
37 39
37 38
37 39
37 38
37 39
37 38
37 39
37 38
37 39
37 38
37 39
37 38
37 39
37 38
37 39
37 38
37 39
37 38
37 39
37 38
37 39
37 38
37 39
37 38
37 39
37 38
37 39
37 38
37 39
37 38
37 39
37 38
37 39
37 38
37 39
37 38
37 39
37 38
37 39
37 38
37 39
37 38
37 39
37 38
37 39
37 38
37 39
37 38
37 39
37 38
37 39
37 38
37 39
37 38
37 39
37 39
37 39
37 39
37 39
37 39
37 39
37 39
37 39
37 39
37 39
37 39
37 39
37 39
37 39
37 39
37 39
37 39
37 39
37 39
37 39
37 39
37 39
37 39
37 39
38 12
38 13
38 19
38 20
38 26
38 27
38 28
38 29
38 35
38 49
38 37
38 39
38 37
38 39
38 37
38 39
38 37
38 39
38 37
38 39
38 37
38 39
38 37
38 39
38 37
38 39
38 37
38 39
38 37
38 39
38 37
38 39
38 37
38 39
38 37
38 39
38 37
38 39
38 37
38 39
38 37
38 39
38 37
38 39
38 37
38 39
38 37
38 39
38 37
38 39
38 37
38 39
38 37
38 39
38 37
38 39
38 37
38 39
38 37
38 39
38 37
38 39
38 39
38 39
38 39
38 39
38 37
38 39
38 37
38 39
38 37
38 39
38 37
38 39
38 39
38 39
38 39
38 39
38 39
38 39
38 39
38 39
38 39
38 39
38 39
38 39
38 39
38 39
38 39
38 39
38 39
38 39
38 39
38 39
38 39
38 39
38 39
38 39
38 39
38 39
38 39
38 39
38 39
38 39
38 39
38 39
38 39
38 39
38 39
38 39
38 39
38 39
38 39
38 39
38 39
38 39
38 39
38 39
38 39
38 39
38 39
38 39
38 37
38 39
38 37
38 39
38 37
38 39
38 37
38 39
38 37
38 39
38 37
38 39
38 37
38 39
38 37
38 39
38 37
38 39
38 37
38 39
38 37
38 39
38 37
38 39
38 37
38 39
38 37
38 39
38 37
38 39
38 37
38 39
38 37
38 39
38 37
38 39
38 37
38 39
38 37
38 39
38 37
38 39
38 37
38 39
38 37
38 39
38 37
38 39
38 37
38 39
38 37
38 39
38 37
38 39
38 37
38 39
38 37
38 39
38 37
38 39
38 37
38 39
38 37
38 39
38 37
38 39
38 37
38 39
38 37
38 39
38 37
38 39
38 37
38 39
38 37
38 39
38 37
38 39
38 37
38 39
38 37
38 39
38 37
38 39
38 37
38 39
38 37
38 39
38 37
38 39
38 37
38 39
38 37
38 39
38 37
38 39
38 37
38 39
38 37
38 39
38 37
38 39
38 37
38 39
38 37
38 39
38 37
38 39
38 37
38 39
38 37
38 39
38 39
38 39
38 39
38 39
38 39
38 39
38 39
38 39
38 39
38 39
38 39
38 39
38 39
38 39
38 39
38 39
38 39
38 39
38 39
38 39
38 39
38 39
38 39
38 39
38 39
38 39
38 39
38 39
38 39
38 39
38 39
38 39
38 39
38 39
38 39
38 39
38 39
38 39
38 39
38 39
38 39
38 39
38 39
38 39
38 39
38 39
38 39
38 39
38 39
38 39
38 39
38 39
38 39
38 39
38 39
38 39
38 39
38 39
38 39
38 39
38 39
38 39
38 39
38 39
38 37
38 39
38 37
38 39
38 37
38 39
38 37
38 39
38 37
38 39
38 37
38 39
38 37
38 39
38 37
38 39
38 37
38 39
38 37
38 39
38 37
38 39
38 37
38 39
38 37
38 39
38 37
38 39
38 37
38 39
38 37
38 39
38 37
38 39
38 37
38 39
38 37
38 39
38 37
38 39
38 37
38 39
38 37
38 39
38 37
38 39
38 37
38 39
38 37
38 39
38 37
38 39
38 37
38 39
38 37
38 39
38 37
38 39
38 37
38 39
38 37
38 39
38 37
38 39
38 37
38 39
38 37
38 39
38 37
38 39
38 37
38 39
38 37
38 39
38 37
38 39
38 37
38 39
38 37
38 39
38 37
38 39
38 37
38 39
38 37
38 39
38 37
38 39
38 37
38 39
38 37
38 39
38 37
38 39
38 37
38 39
38 37
38 39
38 37
38 39
38 37
38 39
38 37
38 39
39 37
39 37
39 38
39 37
39 38
39 37
39 38
39 37
39 38
39 37
39 38
39 37
39 38
39 37
39 38
39 37
39 38
39 37
39 38
39 37
39 38
39 37
39 38
39 37
39 38
39 37
39 38
39 37
39 38
39 37
39 37
39 37
39 38
39 37
39 38
39 37
39 38
39 37
39 38
39 37
39 37
39 37
39 37
39 37
39 37
39 37
39 37
39 37
39 37
39 37
39 37
39 37
39 37
39 37
39 37
39 37
39 37
39 37
39 37
39 37
39 37
39 37
39 37
39 37
39 37
39 37
39 37
39 37
39 37
39 37
39 37
39 37
39 37
39 37
39 37
39 37
39 37
39 37
39 37
39 37
39 37
39 37
39 38
39 37
39 38
39 37
39 37
39 37
39 38
39 37
39 38
39 37
39 37
39 37
39 38
39 37
39 38
39 37
39 37
39 37
39 38
39 37
39 38
39 37
39 37
39 37
39 37
39 37
39 37
39 38
39 38
39 38
39 38
39 37
39 38
39 37
39 38
39 37
39 38
39 37
39 38
39 38
39 38
39 38
39 38
39 38
39 38
39 38
39 38
39 38
39 38
39 38
39 38
39 38
39 38
39 38
39 38
39 38
39 38
39 38
39 38
39 38
39 38
39 38
39 38
39 38
39 38
39 38
39 38
39 38
39 38
39 38
39 38
39 38
39 38
39 38
39 38
39 38
39 38
39 38
39 38
39 38
39 38
39 38
39 38
39 38
39 38
39 38
39 38
39 37
39 38
39 37
39 38
39 37
39 38
39 37
39 38
39 37
39 38
39 37
39 38
39 37
39 38
39 37
39 38
39 37
39 38
39 37
39 38
39 37
39 38
39 37
39 38
39 37
39 38
39 37
39 38
39 37
39 38
39 37
39 38
39 37
39 38
39 37
39 38
39 37
39 38
39 37
39 38
39 37
39 38
39 37
39 38
39 37
39 38
39 37
39 38
39 37
39 38
39 37
39 38
39 37
39 38
39 37
39 38
39 37
39 38
39 37
39 38
39 37
39 38
39 37
39 38
39 37
39 38
39 37
39 38
39 37
39 38
39 37
39 38
39 37
39 38
39 37
39 38
39 37
39 38
39 37
39 38
39 37
39 38
39 37
39 38
39 37
39 38
39 37
39 38
39 37
39 38
39 37
39 38
39 37
39 38
39 37
39 38
39 37
39 38
39 37
39 38
39 37
39 38
39 37
39 38
39 37
39 38
39 37
39 38
39 37
39 38
39 37
39 38
39 38
39 38
39 38
39 38
39 38
39 38
39 38
39 38
39 38
39 38
39 38
39 38
39 38
39 38
39 38
39 38
39 38
39 38
39 38
39 38
39 38
39 38
39 38
39 38
39 38
39 38
39 38
39 38
39 38
39 38
39 38
39 38
39 38
39 38
39 38
39 38
39 38
39 38
39 38
39 38
39 38
39 38
39 38
39 38
39 38
39 38
39 38
39 38
39 38
39 38
39 38
39 38
39 38
39 38
39 38
39 38
39 38
39 38
39 38
39 38
39 38
39 38
39 38
39 38
39 37
39 38
39 37
39 38
39 37
39 38
39 37
39 38
39 37
39 38
39 37
39 38
39 37
39 38
39 37
39 38
39 37
39 38
39 37
39 38
39 37
39 38
39 37
39 38
39 37
39 38
39 37
39 38
39 37
39 38
39 37
39 38
39 37
39 38
39 37
39 38
39 37
39 38
39 37
39 38
39 37
39 38
39 37
39 38
39 37
39 38
39 37
39 38
39 37
39 38
39 37
39 38
39 37
39 38
39 37
39 38
39 37
39 38
39 37
39 38
39 37
39 38
39 37
39 38
39 37
39 38
39 37
39 38
39 37
39 38
39 37
39 38
39 37
39 38
39 37
39 38
39 37
39 38
39 37
39 38
39 37
39 38
39 37
39 38
39 37
39 38
39 37
39 38
39 37
39 38
39 37
39 38
39 37
39 38
39 37
39 38
39 37
39 38
39 37
39 38
39 37
39 38
39 37
39 38
39 37
39 37
39 37
39 37
39 37
39 37
39 37
39 37
39 37
39 37
39 37
39 37
39 37
39 37
39 37
39 37
39 37
39 37
39 37
39 37
39 37
39 37
39 37
39 37
40 14
40 15
40 16
40 41
40 42
40 43
40 14
40 15
40 16
40 41
40 42
40 43
40 14
40 15
40 16
40 41
40 42
40 43
40 14
40 15
40 16
40 41
40 42
40 14
40 15
40 16
40 41
40 42
40 43
40 14
40 15
40 16
40 41
40 42
40 43
40 14
40 15
40 16
40 41
40 42
40 43
40 10
40 14
40 15
40 16
40 30
40 31
40 32
40 33
40 34
40 41
40 42
40 43
40 44
40 16
40 41
40 43
40 14
40 16
40 21
40 23
40 24
40 41
40 42
40 43
40 44
40 45
40 46
40 14
40 15
40 16
40 21
40 22
40 23
40 24
40 41
40 42
40 43
40 44
40 45
40 46
40 14
40 15
40 16
40 21
40 22
40 23
40 24
40 41
40 42
40 43
40 44
40 45
40 46
40 14
40 15
40 16
40 21
40 22
40 23
40 24
40 41
40 42
40 43
40 44
40 45
40 46
40 14
40 15
40 41
40 42
40 14
40 15
40 16
40 21
40 22
40 23
40 24
40 41
40 42
40 43
40 44
40 45
40 46
40 14
40 15
40 16
40 21
40 22
40 23
40 24
40 41
40 42
40 43
40 44
40 45
40 46
40 14
40 15
40 16
40 21
40 22
40 23
40 24
40 41
40 42
40 43
40 44
40 45
40 46
40 14
40 15
40 16
40 21
40 22
40 23
40 24
40 30
40 31
40 32
40 33
40 34
40 41
40 42
40 43
40 44
40 45
40 46
41 14
41 15
41 16
41 40
41 42
41 43
41 14
41 15
41 16
41 40
41 42
41 43
41 14
41 15
41 16
41 40
41 42
41 43
41 14
41 15
41 16
41 40
41 42
41 14
41 15
41 16
41 40
41 42
41 43
41 14
41 15
41 16
41 40
41 42
41 43
41 14
41 15
41 16
41 40
41 42
41 43
41 10
41 14
41 15
41 16
41 30
41 31
41 32
41 33
41 34
41 40
41 42
41 43
41 44
41 16
41 40
41 43
41 14
41 16
41 21
41 23
41 24
41 40
41 42
41 43
41 44
41 45
41 46
41 14
41 15
41 16
41 21
41 22
41 23
41 24
41 40
41 42
41 43
41 44
41 45
41 46
41 14
41 15
41 16
41 21
41 22
41 23
41 24
41 40
41 42
41 43
41 44
41 45
41 46
41 14
41 15
41 16
41 21
41 22
41 23
41 24
41 40
41 42
41 43
41 44
41 45
41 46
41 14
41 15
41 40
41 42
41 14
41 15
41 16
41 21
41 22
41 23
41 24
41 40
41 42
41 43
41 44
41 45
41 46
41 14
41 15
41 16
41 21
41 22
41 23
41 24
41 40
41 42
41 43
41 44
41 45
41 46
41 14
41 15
41 16
41 21
41 22
41 23
41 24
41 40
41 42
41 43
41 44
41 45
41 46
41 14
41 15
41 16
41 21
41 22
41 23
41 24
41 30
41 31
41 32
41 33
41 34
41 40
41 42
41 43
41 44
41 45
41 46
42 14
42 15
42 16
42 40
42 41
42 43
42 14
42 15
42 16
42 40
42 41
42 43
42 14
42 15
42 16
42 40
42 41
42 43
42 14
42 16
42 21
42 23
42 24
42 40
42 41
42 43
42 44
42 45
42 46
42 14
42 15
42 16
42 40
42 41
42 14
42 15
42 16
42 40
42 41
42 43
42 14
42 15
42 16
42 40
42 41
42 43
42 14
42 15
42 16
42 40
42 41
42 43
42 10
42 14
42 15
42 16
42 30
42 31
42 32
42 33
42 34
42 40
42 41
42 43
42 44
42 14
42 15
42 16
42 21
42 22
42 23
42 24
42 40
42 41
42 43
42 44
42 45
42 46
42 14
42 15
42 16
42 21
42 22
42 23
42 24
42 40
42 41
42 43
42 44
42 45
42 46
42 14
42 15
42 16
42 21
42 22
42 23
42 24
42 40
42 41
42 43
42 44
42 45
42 46
42 14
42 15
42 40
42 41
42 14
42 15
42 16
42 21
42 22
42 23
42 24
42 40
42 41
42 43
42 44
42 45
42 46
42 14
42 15
42 16
42 21
42 22
42 23
42 24
42 40
42 41
42 43
42 44
42 45
42 46
42 14
42 15
42 16
42 21
42 22
42 23
42 24
42 40
42 41
42 43
42 44
42 45
42 46
42 14
42 15
42 16
42 21
42 22
42 23
42 24
42 30
42 31
42 32
42 33
42 34
42 40
42 41
42 43
42 44
42 45
42 46
43 14
43 15
43 16
43 40
43 41
43 42
43 14
43 15
43 16
43 40
43 41
43 42
43 14
43 15
43 16
43 40
43 41
43 42
43 45
43 46
43 14
43 15
43 16
43 40
43 41
43 42
43 14
43 15
43 16
43 40
43 41
43 42
43 14
43 15
43 16
43 40
43 41
43 42
43 10
43 14
43 15
43 16
43 30
43 31
43 32
43 33
43 34
43 40
43 41
43 42
43 44
43 16
43 40
43 41
43 14
43 16
43 21
43 23
43 24
43 40
43 41
43 42
43 44
43 45
43 46
43 14
43 15
43 16
43 21
43 22
43 23
43 24
43 40
43 41
43 42
43 44
43 45
43 46
43 14
43 15
43 16
43 21
43 22
43 23
43 24
43 40
43 41
43 42
43 44
43 45
43 46
43 14
43 15
43 16
43 21
43 22
43 23
43 24
43 40
43 41
43 42
43 44
43 45
43 46
43 21
43 22
43 23
43 24
43 44
43 46
43 14
43 15
43 16
43 21
43 22
43 23
43 24
43 40
43 41
43 42
43 44
43 45
43 46
43 14
43 15
43 16
43 21
43 22
43 23
43 24
43 40
43 41
43 42
43 44
43 45
43 46
43 14
43 15
43 16
43 21
43 22
43 23
43 24
43 40
43 41
43 42
43 44
43 45
43 46
43 14
43 15
43 16
43 21
43 22
43 23
43 24
43 30
43 31
43 32
43 33
43 34
43 40
43 41
43 42
43 44
43 45
43 46
44 12
44 13
44 19
44 20
44 35
44 49
44 14
44 16
44 21
44 23
44 24
44 40
44 41
44 42
44 43
44 45
44 46
44 2
44 9
44 10
44 11
44 22
44 23
44 24
44 47
44 14
44 15
44 16
44 21
44 22
44 23
44 24
44 40
44 41
44 42
44 43
44 45
44 46
44 14
44 15
44 16
44 21
44 22
44 23
44 24
44 40
44 41
44 42
44 43
44 45
44 46
44 14
44 15
44 16
44 21
44 22
44 23
44 24
44 40
44 41
44 42
44 43
44 45
44 46
44 21
44 22
44 23
44 24
44 43
44 46
44 14
44 15
44 16
44 21
44 22
44 23
44 24
44 40
44 41
44 42
44 43
44 45
44 46
44 14
44 15
44 16
44 21
44 22
44 23
44 24
44 40
44 41
44 42
44 43
44 45
44 46
44 14
44 15
44 16
44 21
44 22
44 23
44 24
44 40
44 41
44 42
44 43
44 45
44 46
44 14
44 15
44 16
44 21
44 22
44 23
44 24
44 30
44 31
44 32
44 33
44 34
44 40
44 41
44 42
44 43
44 45
44 46
44 10
44 14
44 15
44 16
44 30
44 31
44 32
44 33
44 34
44 40
44 41
44 42
44 43
45 26
45 27
45 28
45 29
45 46
45 26
45 27
45 28
45 29
45 46
45 43
45 46
45 14
45 16
45 21
45 23
45 24
45 40
45 41
45 42
45 43
45 44
45 46
45 14
45 15
45 16
45 21
45 22
45 23
45 24
45 40
45 41
45 42
45 43
45 44
45 46
45 14
45 15
45 16
45 21
45 22
45 23
45 24
45 40
45 41
45 42
45 43
45 44
45 46
45 14
45 15
45 16
45 21
45 22
45 23
45 24
45 40
45 41
45 42
45 43
45 44
45 46
45 16
45 14
45 15
45 16
45 21
45 22
45 23
45 24
45 40
45 41
45 42
45 43
45 44
45 46
45 14
45 15
45 16
45 21
45 22
45 23
45 24
45 40
45 41
45 42
45 43
45 44
45 46
45 14
45 15
45 16
45 21
45 22
45 23
45 24
45 40
45 41
45 42
45 43
45 44
45 46
45 14
45 15
45 16
45 21
45 22
45 23
45 24
45 30
45 31
45 32
45 33
45 34
45 40
45 41
45 42
45 43
45 44
45 46
46 26
46 27
46 28
46 29
46 45
46 26
46 27
46 28
46 29
46 45
46 43
46 45
46 14
46 16
46 21
46 23
46 24
46 40
46 41
46 42
46 43
46 44
46 45
46 14
46 15
46 16
46 21
46 22
46 23
46 24
46 40
46 41
46 42
46 43
46 44
46 45
46 14
46 15
46 16
46 21
46 22
46 23
46 24
46 40
46 41
46 42
46 43
46 44
46 45
46 14
46 15
46 16
46 21
46 22
46 23
46 24
46 40
46 41
46 42
46 43
46 44
46 45
46 21
46 22
46 23
46 24
46 43
46 44
46 14
46 15
46 16
46 21
46 22
46 23
46 24
46 40
46 41
46 42
46 43
46 44
46 45
46 14
46 15
46 16
46 21
46 22
46 23
46 24
46 40
46 41
46 42
46 43
46 44
46 45
46 14
46 15
46 16
46 21
46 22
46 23
46 24
46 40
46 41
46 42
46 43
46 44
46 45
46 14
46 15
46 16
46 21
46 22
46 23
46 24
46 30
46 31
46 32
46 33
46 34
46 40
46 41
46 42
46 43
46 44
46 45
47 7
47 48
47 49
47 2
47 9
47 10
47 11
47 22
47 23
47 24
47 44
47 49
47 49
47 49
47 49
47 49
47 49
47 49
47 49
47 49
47 49
47 49
47 49
47 49
47 49
47 49
47 49
47 49
47 49
47 49
47 49
48 7
48 47
48 49
49 7
49 47
49 48
49 12
49 13
49 19
49 20
49 26
49 27
49 28
49 29
49 35
49 38
49 12
49 13
49 19
49 20
49 35
49 44
49 47
49 47
49 47
49 47
49 47
49 47
49 47
49 47
49 47
49 47
49 47
49 47
49 47
49 47
49 47
49 47
49 47
49 47
49 47
49 47
